==========================================
학번   국어   영어   수학   총점   평균
------------------------------------------
00001      81      57      89 
00002      69      93      68 
00003      87      68      50 
00004      57      55      99 
00005      93      88      92 
00006      63      66      70 
00007      71      60      80 
00008      68      82      89 
00009      58      60      58 
00010      91      81      91 
00011      84      73      85 
00012      75      60      93 
00013      72      97      60 
00014      57      90      61 
00015      94      55      59 
00016      94      72      79 
00017      85      66      96 
00018      76      56      59 
00019      82      99      63 
00020      80      79      84 
00021      69      63      54 
00022      96      88      71 
00023      64      81      97 
00024      51      69      98 
00025      68      74      73 
00026      84      59      63 
00027      98      99      93 
00028      56      55      59 
00029      86      71      83 
00030      89      80      70 
00031      76      57      66 
00032      88      72      85 
00033      69      64      67 
00034      66      68      98 
00035      96      58      85 
00036      53      75      57 
00037      84      82      68 
00038      79      93      85 
00039      91      78      97 
00040      77      99      95 
00041      92      90      83 
00042      88      63      64 
00043      92      78      80 
00044      66      78      61 
00045      58      80      97 
00046      52      76      59 
00047      83      83      61 
00048      53      92      94 
00049      55      86      89 
00050      84      68      62 
00051      57      56      53 
00052      59      53      74 
00053      61      97      97 
00054      74      72      90 
00055      84      81      57 
00056      53      76      72 
00057      77      79      56 
00058      89      95      99 
00059      59      81      71 
00060      72      87      60 
00061      55      92      59 
00062      77      85      54 
00063      56      96      89 
00064      95      92      98 
00065      85      73      92 
00066      66      82      91 
00067      71      75      52 
00068      64      53      68 
00069      61      83      67 
00070      90      78      86 
00071      99      80      82 
00072      50      94      90 
00073      92      84      93 
00074      98      87      59 
00075      64      92      95 
00076      58      83      81 
00077      53      98      57 
00078      81      84      74 
00079      89      87      73 
00080      90      64      53 
00081      85      67      50 
00082      88      91      83 
00083      75      93      80 
00084      64      77      76 
00085      97      54      59 
00086      60      83      87 
00087      77      68      67 
00088      90      59      88 
00089      86      89      83 
00090      57      54      68 
00091      99      62      74 
00092      75      78      79 
00093      64      61      82 
00094      93      91      60 
00095      68      77      70 
00096      77      59      78 
00097      58      59      67 
00098      65      55      84 
00099      74      98      56 
00100      88      86      68 
